1

1

1

2753

2753

2753

2753

2753

2753

11

11

11

11

11

11

11

11

11

11

11

11

11

11

11

11

11

11

1

4

11

11

4

1

1

1

1

1

1

11

11

1

1

1

1

1

1

1

1

1

1

1

1

1

16

16

16

16

16

16

16

16

1

1

1

1

0

0

0

0

0

0

0

0

0

0

0

1.11111

1.11111

1.11111

0

0

0

0

0

0

0

0

0

0

0

0

0

0

0

0

0

0

0

0

0

0

0

0

0

0

0

0

0

0

0

2753

2753

0

2753

2753

2753

0

1

1

1

1

1

1

1

1

11

5

11

7

6

6

6

6

1

55

16

11

11

11

2

11 1

11

1

11

1

1

1

1

1

1

1

1

1

1

11

1

1

1

1

1

1

11

1

11

11

11

11

11

11

1

1

11

11

11

1

1

1
1
1
1
1
1
1
1
1
1
2753
2753
0
2753
2753
2753
888
32753
32753
32753
2753
11
2753
32753
2753
2753
2753
2753
2753
0
11 1
0
0
11
11
11
11
11
11
11
11
11
11
1
1
1
2753
32753
2753
2753
2753
2753
19.78
19.78
1
1
1
1
1
1
1
1
19.78
2753
2753
32753
32753
2753
2753
2753
2753
2753
2753
0
0
16117904411911
